0 0 0
0 0 0
0 0 0
0 0 0
0 0 0
0.000275474 -8.26131e-05 9.30486e-05
-0.000120512 -2.54145e-05 1.62646e-05
-0.000202532 -3.74189e-05 -9.06695e-07
-0.000199157 -2.86344e-05 -3.14647e-05
5.49832e-05 1.25039e-05 -1.99876e-05
-0.000197157 -6.11346e-05 6.15943e-06
-0.000146417 -5.98463e-05 2.29325e-05
-0.000329738 5.94967e-05 -6.86605e-05
-0.00041514 6.49603e-05 -2.70522e-05
0.000253585 -2.20787e-06 -2.32685e-06
-0.000243018 4.72634e-06 -1.84865e-05
-2.93172e-05 -1.03326e-05 4.18557e-06
-0.000206729 -6.03086e-05 1.88639e-05
-0.000526705 -2.50236e-05 2.55517e-05
-0.000152296 9.92072e-05 3.49072e-06
-0.000428173 -9.61268e-06 1.92782e-06
-4.2835e-05 1.97066e-05 5.93731e-05
-0.000150359 0.000180852 -4.29357e-05
0.000334174 0.00177799 -0.000354536
-0.000793974 0.00931941 -0.000298389
-0.000464142 0.0323925 0.000291796
-0.000773373 0.0464034 0.00072235
-0.00128282 0.0523535 0.000875435
-0.00158112 0.058315 0.00123843
-0.00198536 0.0664631 0.00138204
-0.0017959 0.073216 0.00149419
-0.0020309 0.0847673 0.00180376
-0.00205218 0.0883818 0.00200536
-0.00218757 0.0903697 0.00207624
-0.00176602 0.0937466 0.00202044
-0.00255983 0.0985457 0.00220073
-0.00267625 0.107891 0.00250603
-0.00310786 0.112672 0.00272347
-0.0038121 0.120272 0.00304721
-0.00352948 0.131294 0.00312056
-0.00400309 0.138717 0.00340617
-0.00360598 0.145389 0.00351001
-0.00422776 0.156805 0.00399753
-0.00413332 0.167225 0.00415758
-0.004045 0.176956 0.00463554
-0.00423255 0.190125 0.00489007
-0.00472069 0.204851 0.00536575
-0.00547023 0.219266 0.00546538
-0.00581293 0.236626 0.00606757
-0.00531684 0.248974 0.00625347
-0.005243 0.257397 0.00676689
-0.0048903 0.265167 0.00688391
-0.00512236 0.270771 0.00704556
-0.00519825 0.275481 0.00718616
-0.00520315 0.283405 0.00740546
-0.0051088 0.290403 0.00766828
-0.00510884 0.298417 0.00794983
-0.00471266 0.305866 0.00807492
-0.00505013 0.313368 0.00803364
-0.00527393 0.322536 0.00818186
-0.00524284 0.335722 0.00864667
-0.00562067 0.349116 0.00893231
-0.00569421 0.35728 0.00921214
-0.00584662 0.36516 0.009276
-0.00585067 0.378019 0.00977448
-0.00629646 0.392068 0.0103235
-0.00632312 0.402482 0.0103431
-0.00661641 0.41866 0.0108108
-0.00649588 0.433114 0.011361
-0.00662796 0.439434 0.0114632
-0.00687907 0.448606 0.0116907
-0.00681166 0.45751 0.0117511
-0.0069402 0.464324 0.0120139
-0.00715166 0.475359 0.0123087
-0.00706652 0.484194 0.0126735
-0.00668402 0.493949 0.0130213
-0.00708378 0.502335 0.0131914
-0.0071912 0.513545 0.0134068
-0.00741637 0.528326 0.0137725
-0.00749775 0.542137 0.0142647
-0.0070992 0.553205 0.014424
-0.00740788 0.563582 0.0148003
-0.00753341 0.572343 0.015329
-0.00767582 0.577748 0.0152015
-0.0078365 0.588286 0.0152119
-0.00783211 0.602514 0.0157546
-0.00769384 0.613058 0.0164107
-0.00746363 0.621082 0.0165841
-0.00755354 0.627581 0.0166255
-0.007893 0.635565 0.0166952
-0.00789005 0.644182 0.0170046
-0.00873402 0.656535 0.0171595
-0.00885366 0.673409 0.0176338
-0.00867946 0.68474 0.0180023
-0.00890864 0.695167 0.0180825
-0.00850251 0.70193 0.0187915
-0.00842268 0.701893 0.0196557
-0.00860008 0.702144 0.0196103
-0.00851158 0.7015 0.0202157
-0.0087847 0.701686 0.0197026
-0.00867351 0.701616 0.0197985
-0.00872729 0.701841 0.0193673
-0.00856625 0.701555 0.019619
-0.00872358 0.702119 0.0193257
-0.00876835 0.701931 0.0190961
-0.00838829 0.701342 0.0194581
-0.00830011 0.700906 0.0195789
-0.00868934 0.700999 0.0194846
-0.00919318 0.701146 0.0197406
-0.00877503 0.697545 0.0199117
-0.0100495 0.699562 0.0199925
-0.00900259 0.701885 0.0194081
-0.00933864 0.708833 0.0191968
-0.00914679 0.718386 0.0193021
-0.00955945 0.733855 0.019476
-0.00954956 0.747032 0.0198466
-0.00941158 0.759311 0.0197362
-0.01005 0.778674 0.0204488
-0.0103092 0.795021 0.0205078
-0.0105408 0.819244 0.0210768
-0.0110246 0.842186 0.0221523
-0.0115183 0.860216 0.0226747
-0.011767 0.879828 0.0237444
-0.0124688 0.900908 0.0245834
-0.0128207 0.920743 0.0249886
-0.012782 0.939848 0.0255614
-0.0132791 0.953195 0.0259492
-0.0133987 0.973298 0.0262577
-0.0138273 0.992209 0.0267083
-0.013891 1.00553 0.0271646
-0.0143769 1.01352 0.027694
-0.0143804 1.01946 0.0278473
-0.0144595 1.02696 0.0277968
-0.0150716 1.03551 0.0283113
-0.0143836 1.03761 0.0280312
-0.0142259 1.03788 0.0278507
-0.0145563 1.03148 0.0281369
-0.0150649 1.03173 0.028394
-0.0143687 1.03093 0.0281526
-0.014674 1.03025 0.0287087
-0.00965448 1.03584 0.0304665
-0.00980074 1.03572 0.0306022
-0.00980715 1.03617 0.0306443
-0.00984777 1.03863 0.0307338
-0.0099248 1.05042 0.0308238
-0.0102591 1.06313 0.0313268
-0.0105171 1.07166 0.0314901
-0.0108147 1.0857 0.031831
-0.0110704 1.1011 0.0322932
-0.0116853 1.12055 0.0332301
-0.0118686 1.13958 0.0337479
-0.0121659 1.16142 0.0340276
-0.0126597 1.17894 0.0350785
-0.0129086 1.18651 0.0352887
-0.0131459 1.20193 0.0356673
-0.0134758 1.22476 0.0363963
-0.0140805 1.23748 0.037432
-0.0137614 1.24512 0.0373844
-0.0140261 1.25409 0.0376022
-0.0144258 1.26313 0.0381885
-0.0145131 1.28157 0.0385197
-0.0141433 1.29186 0.0385859
-0.0143491 1.29512 0.0386441
-0.0149026 1.3095 0.0394199
-0.0151604 1.3246 0.0396685
-0.0152774 1.33254 0.0401666
-0.0152207 1.33189 0.0401144
-0.0150888 1.3316 0.0399925
-0.0151689 1.33205 0.0400827
-0.0150943 1.33178 0.0399831
-0.0150005 1.33159 0.0399402
-0.015066 1.33169 0.0399914
-0.0149879 1.33164 0.0399184
-0.0149702 1.33157 0.0399085
-0.0149982 1.33162 0.0399412
-0.0150729 1.33159 0.0399948
-0.0150374 1.3317 0.0399274
-0.0148429 1.33172 0.0397679
-0.0141753 1.33176 0.0392132
-0.0149956 1.33176 0.0399696
-0.0147751 1.33225 0.0401431
-0.0154505 1.33527 0.0405509
-0.0149528 1.34405 0.0401891
-0.0153104 1.35168 0.0407191
-0.0160026 1.36393 0.041591
-0.0156988 1.37277 0.0415605
-0.0162344 1.38545 0.0421879
-0.0160217 1.39817 0.0425288
-0.016212 1.41294 0.0426858
-0.0164105 1.43286 0.0430727
-0.0167671 1.45254 0.0435968
-0.0168457 1.47332 0.0442741
-0.0169857 1.49032 0.044678
-0.0172974 1.49902 0.0451985
-0.0175166 1.51049 0.0456045
-0.0173908 1.51529 0.0455145
-0.0174596 1.52554 0.0459111
-0.017632 1.54189 0.0465008
-0.0178729 1.55863 0.0469187
-0.0180648 1.57073 0.0473753
-0.0180596 1.57677 0.0474765
-0.0180228 1.59112 0.0479717
-0.0181928 1.60439 0.0482567
-0.0185791 1.6244 0.0485264
-0.0186896 1.63843 0.049282
-0.0187937 1.63869 0.0493876
-0.0187286 1.63882 0.0494651
-0.0189247 1.63876 0.049785
-0.0189761 1.63863 0.0498251
-0.0188875 1.6387 0.049689
-0.0188806 1.64213 0.0495892
-0.0188856 1.6479 0.0496536
-0.0190317 1.65085 0.0498677
-0.0189042 1.65548 0.0497814
-0.0190733 1.6592 0.0499225
-0.0188917 1.66448 0.0497358
-0.0190793 1.67038 0.0502507
-0.0192161 1.67712 0.0505008
-0.0192647 1.68179 0.0506404
-0.0193134 1.68627 0.0508545
-0.0193353 1.69009 0.0509026
-0.0194206 1.69832 0.0512527
-0.0194139 1.70233 0.0512566
-0.0196011 1.7083 0.0515443
-0.0196772 1.71732 0.0517001
-0.0198781 1.72497 0.0519171
-0.0199337 1.73229 0.0521287
-0.0200654 1.74485 0.0528025
-0.0202599 1.75493 0.0530588
-0.0203655 1.75967 0.0531134
-0.0206316 1.76363 0.0534333
-0.0208365 1.77186 0.053722
-0.0209241 1.78048 0.0538256
-0.0211482 1.78869 0.0541815
-0.0211913 1.80051 0.054657
-0.0212583 1.80826 0.0547402
-0.021401 1.81263 0.0549377
-0.0216268 1.81649 0.0552105
-0.0216195 1.82205 0.0553257
-0.0216612 1.82826 0.0555509
-0.0217638 1.83393 0.0558361
-0.0219348 1.84183 0.0561648
-0.0220102 1.84682 0.0565704
-0.0221668 1.85248 0.056907
-0.0222259 1.85943 0.0570196
-0.0223354 1.86935 0.0571177
-0.022452 1.87636 0.0574686
-0.0225128 1.88199 0.0575891
-0.0225829 1.88978 0.0578155
-0.0228422 1.89767 0.0581549
-0.0230086 1.90572 0.0586172
-0.0233723 1.91961 0.0593444
-0.0236289 1.93176 0.0597932
-0.0238552 1.94094 0.0600579
-0.0240015 1.94556 0.0602841
-0.0240621 1.95341 0.0604335
-0.024099 1.96246 0.0606704
-0.0244653 1.96746 0.0612042
-0.0246815 1.97545 0.0616489
-0.0247794 1.98515 0.0617838
-0.0249129 1.99693 0.0620633
-0.0251299 2.00466 0.0623511
-0.025013 2.00686 0.0621618
-0.024608 2.0064 0.061729
-0.0245158 2.00599 0.0616676
-0.0245284 2.00538 0.0616938
-0.0245593 2.00555 0.0617229
-0.0245404 2.0054 0.0617659
-0.0245335 2.00552 0.0616893
-0.0245859 2.00648 0.0617571
-0.0245102 2.00979 0.061713
-0.0246886 2.01729 0.0619915
-0.0250212 2.02894 0.0625157
-0.0252075 2.04173 0.0627262
-0.0254677 2.04745 0.0630038
-0.0254614 2.05443 0.0632857
-0.0258617 2.06828 0.0638323
-0.0261236 2.08268 0.0645699
-0.026354 2.09873 0.0647281
-0.0266922 2.11202 0.0651569
-0.026993 2.12539 0.0652855
-0.0269704 2.13836 0.0655961
-0.027166 2.15121 0.0658813
-0.0273814 2.16219 0.0662874
-0.0275331 2.16971 0.0662852
-0.0276408 2.17866 0.0661866
-0.0277998 2.18928 0.0668563
-0.0279711 2.19967 0.0669273
-0.0284014 2.21393 0.067479
-0.0286449 2.2283 0.067853
-0.0288615 2.23795 0.0680381
-0.0289433 2.24646 0.0683651
-0.0297398 2.29366 0.0686557
-0.0297788 2.30575 0.0691084
-0.0299988 2.31404 0.0695323
-0.0301354 2.32126 0.0696752
-0.0304163 2.32958 0.0694961
-0.0304315 2.33584 0.0697397
-0.0304517 2.34102 0.0697601
-0.0307455 2.34656 0.0702042
-0.0307711 2.35362 0.070499
-0.031005 2.35695 0.0710661
-0.030218 2.35779 0.0699062
-0.0299797 2.35783 0.0698661
-0.0300239 2.35709 0.0702143
-0.0298636 2.35624 0.0694221
-0.0298895 2.35432 0.0697045
-0.0298053 2.35355 0.0696295
-0.029862 2.35359 0.0703407
-0.0317807 2.35345 0.0762046
-0.0317849 2.35346 0.0762092
-0.0317605 2.3534 0.0761167
-0.0303469 2.34836 0.0731714
-0.0303624 2.34137 0.0732479
-0.0308383 2.34124 0.0741611
-0.0314202 2.34118 0.076114
-0.0314803 2.3412 0.0762044
-0.031428 2.3412 0.0760977
-0.0314566 2.34121 0.0761828
-0.0316838 2.34248 0.0761831
-0.032534 2.36208 0.0764683
-0.0328242 2.38929 0.0771007
-0.0327331 2.40376 0.0776945
-0.0326656 2.41614 0.0780677
-0.0331493 2.43451 0.0786589
-0.0334683 2.45367 0.0790079
-0.0340973 2.47797 0.0797665
-0.0342427 2.49918 0.0807797
-0.0343908 2.50972 0.0814193
-0.0345615 2.51905 0.0817042
-0.0348513 2.53041 0.0822655
-0.0349664 2.54342 0.0827336
-0.035091 2.556 0.0831823
-0.0353871 2.56647 0.0836409
-0.0357371 2.58054 0.0831362
-0.0358473 2.59899 0.084037
-0.0362138 2.61621 0.0843854
-0.0365517 2.6331 0.0851347
-0.0367935 2.64795 0.085936
-0.037266 2.66642 0.0862379
-0.0375429 2.684 0.0870085
-0.0374414 2.69929 0.0879914
-0.0378077 2.71277 0.087957
-0.0381574 2.72969 0.0887746
-0.0381774 2.73871 0.0898954
-0.038092 2.74576 0.0891486
-0.038178 2.75409 0.0898412
-0.0382565 2.76172 0.0905196
-0.0378852 2.76455 0.09087
-0.0378538 2.76448 0.0908573
-0.037774 2.76443 0.0905887
-0.0378521 2.76416 0.0908771
-0.0379421 2.76419 0.0910357
-0.0377931 2.76432 0.0910163
-0.0378627 2.76426 0.0910402
-0.0379616 2.76451 0.0910004
-0.0385039 2.76866 0.0903643
-0.038525 2.78407 0.0911602
-0.0387418 2.7942 0.0914535
-0.0385817 2.8034 0.0916945
-0.0389277 2.81327 0.0921629
-0.0390521 2.82032 0.0926246
-0.0391491 2.82757 0.0928284
-0.0393572 2.83757 0.0927064
-0.0394569 2.84698 0.0932771
-0.0395574 2.85928 0.0936277
-0.039863 2.87292 0.0938471
-0.0398812 2.88108 0.0948742
-0.0400232 2.88778 0.0945938
-0.0401014 2.89663 0.0948741
-0.0402002 2.90461 0.0948968
-0.040128 2.90942 0.0950158
-0.0401283 2.9149 0.0953911
-0.0403791 2.91992 0.0959449
-0.0405686 2.92572 0.0956861
-0.0409529 2.93732 0.095871
-0.0414366 2.94995 0.0958797
-0.041559 2.96966 0.0964073
-0.0415741 2.97516 0.0980515
-0.0417183 2.97608 0.0974193
-0.0418641 2.98362 0.0975058
-0.0420588 3.00033 0.0978942
-0.0421473 3.02017 0.0984123
-0.0422911 3.0378 0.0992916
-0.0423705 3.05676 0.100209
-0.0426138 3.07201 0.100951
-0.0427311 3.08077 0.101877
-0.0428186 3.09151 0.102239
-0.0430343 3.10303 0.102808
-0.0434307 3.11407 0.103162
-0.0435856 3.12803 0.103977
-0.0433039 3.13839 0.104412
0.0434701 -3.13247 -0.104758
0.0434868 -3.12521 -0.104464
0.0432981 -3.11451 -0.104113
0.0432761 -3.10426 -0.103945
0.0433489 -3.09646 -0.103762
0.0431424 -3.08821 -0.103651
0.0431543 -3.08103 -0.10441
0.0434495 -3.07677 -0.104249
0.0430907 -3.06711 -0.103699
0.0430082 -3.05642 -0.103309
0.0432089 -3.04651 -0.103362
0.0426429 -3.0341 -0.102489
0.0421632 -3.02432 -0.102756
0.0422099 -3.01759 -0.102887
0.0420488 -3.01053 -0.102424
0.0421847 -3.00042 -0.102424
0.0417084 -2.98567 -0.101311
0.0415374 -2.96909 -0.101368
0.0409915 -2.95236 -0.100959
0.0408186 -2.91661 -0.100382
0.0404948 -2.90633 -0.100477
0.0404051 -2.89164 -0.0997793
0.040438 -2.8787 -0.0985965
0.0401774 -2.86817 -0.0981166
0.0315088 -2.86237 -0.0859379
0.031334 -2.85798 -0.0858724
0.0312408 -2.85207 -0.0866551
0.031096 -2.83493 -0.0866291
0.0309684 -2.82239 -0.0856838
0.0309414 -2.81225 -0.0852925
0.03063 -2.79972 -0.0859287
0.0304815 -2.77905 -0.0859228
0.0301855 -2.76221 -0.0847711
0.0297704 -2.75166 -0.0851629
0.0297639 -2.73841 -0.0846166
0.0297324 -2.73126 -0.0839242
0.0297032 -2.72152 -0.0839947
0.0295566 -2.70902 -0.0837521
0.0290421 -2.69467 -0.0840626
0.0287691 -2.68119 -0.0832794
0.0287748 -2.67648 -0.0829084
0.0288291 -2.67015 -0.08295
0.0286259 -2.65636 -0.0830097
0.028004 -2.64302 -0.0826908
0.0277566 -2.63625 -0.0821681
0.0275353 -2.63459 -0.0822597
0.0274144 -2.63096 -0.0818194
0.0273382 -2.63078 -0.0822305
0.0278783 -2.61882 -0.0833053
0.0273776 -2.59451 -0.081985
0.0273332 -2.59003 -0.0818168
0.027011 -2.56791 -0.0823845
0.0264865 -2.5416 -0.0809455
0.0262828 -2.52521 -0.0807489
0.0262212 -2.51632 -0.0800239
0.0263238 -2.5071 -0.0804208
0.0251912 -2.49385 -0.0737523
0.0259515 -2.46666 -0.0791209
0.0257285 -2.4512 -0.0789781
0.0256633 -2.43829 -0.0786122
0.0253536 -2.42277 -0.0780525
0.0252375 -2.40753 -0.0776626
0.0248783 -2.38309 -0.0772632
0.0246653 -2.36599 -0.0762112
0.024713 -2.3499 -0.0760819
0.0243262 -2.32883 -0.0758035
0.0241653 -2.31161 -0.0750638
0.0240266 -2.29529 -0.0749159
0.0237486 -2.27581 -0.074768
0.0235761 -2.25554 -0.0736952
0.0233558 -2.2376 -0.0732855
0.0231137 -2.22236 -0.0731546
0.0229642 -2.20843 -0.0727127
0.0228797 -2.19811 -0.0723219
0.0228226 -2.19193 -0.071966
0.0227789 -2.18282 -0.0718834
0.0224941 -2.16666 -0.0716111
0.0224276 -2.15208 -0.0710536
0.0222257 -2.14146 -0.0706311
0.0221057 -2.13723 -0.0703633
0.0220318 -2.12979 -0.0702922
0.0219473 -2.12163 -0.0697662
0.0220308 -2.12168 -0.0696836
0.0218928 -2.12199 -0.0694716
0.0216525 -2.12206 -0.0696067
0.022027 -2.12194 -0.0690571
0.0221609 -2.12098 -0.069001
0.0221264 -2.11389 -0.0691837
0.0216613 -2.08755 -0.0688211
0.0213419 -2.05888 -0.0680777
0.0209881 -2.03577 -0.067289
0.0209792 -2.02253 -0.0668422
0.0208814 -2.00558 -0.0662474
0.0206335 -1.98775 -0.0656924
0.0205058 -1.96873 -0.0651049
0.0203596 -1.95147 -0.0646464
0.0199193 -1.93427 -0.0643183
0.0198325 -1.92461 -0.0640008
0.0197806 -1.91557 -0.0636617
0.0197171 -1.9056 -0.0634016
0.0195933 -1.89966 -0.0633847
0.0193046 -1.89007 -0.0631723
0.0193038 -1.8805 -0.062754
0.0193097 -1.87174 -0.06262
0.0191897 -1.85707 -0.0622702
0.0191964 -1.84463 -0.0618298
0.018855 -1.83231 -0.0614557
0.0188819 -1.82059 -0.0612448
0.0188964 -1.80479 -0.0607493
0.0187548 -1.78744 -0.0602048
0.018647 -1.78092 -0.0599306
0.0185885 -1.77326 -0.0598558
0.018415 -1.75517 -0.0593058
0.0183561 -1.74143 -0.0589068
0.0182729 -1.72589 -0.0585486
0.0178763 -1.71258 -0.0580556
0.0177449 -1.70143 -0.057716
0.0177884 -1.68899 -0.0573511
0.0176402 -1.6759 -0.0569734
0.017501 -1.66999 -0.0567628
0.0172947 -1.66471 -0.0565756
0.0172365 -1.66314 -0.0559694
0.0179208 -1.66327 -0.0552514
0.0174134 -1.66536 -0.0558198
0.0185172 -1.66537 -0.0550236
0.0175305 -1.66543 -0.0556167
0.01759 -1.6667 -0.0556403
0.0176602 -1.66664 -0.0556468
0.0189224 -1.66637 -0.0557946
0.0161311 -1.65694 -0.0577015
0.0174899 -1.64234 -0.0555
0.0167074 -1.6232 -0.0554281
0.0169913 -1.60611 -0.054673
0.0168386 -1.59269 -0.054171
0.0164732 -1.57537 -0.0538497
0.0164459 -1.55969 -0.0533329
0.0162565 -1.54212 -0.0527898
0.0160713 -1.52441 -0.0522994
0.0158642 -1.4987 -0.0515014
0.0157919 -1.48105 -0.0509936
0.0154433 -1.46217 -0.050309
0.0153319 -1.44987 -0.0499318
0.015319 -1.44269 -0.0497731
0.0147483 -1.3924 -0.0482924
0.014649 -1.38142 -0.0480929
0.0144568 -1.36748 -0.0479131
0.0142067 -1.35162 -0.0475121
0.0140509 -1.34211 -0.0469682
0.0140817 -1.33625 -0.046631
0.0137783 -1.32591 -0.0466875
0.0136144 -1.32035 -0.0470586
0.0135021 -1.311 -0.0468035
0.0133629 -1.30495 -0.0465559
0.0140847 -1.30234 -0.0461135
0.0132668 -1.30256 -0.0466346
0.013375 -1.30363 -0.0466373
0.0131865 -1.28872 -0.0465857
0.0128281 -1.24348 -0.0452197
0.0133874 -1.20554 -0.0433056
0.0126468 -1.18559 -0.0429318
0.0119794 -1.17829 -0.0430712
0.012314 -1.17181 -0.0425676
0.0125832 -1.16424 -0.0421044
0.0127479 -1.15275 -0.0417764
0.0122669 -1.13765 -0.0413502
0.0124068 -1.12508 -0.0408
0.0124738 -1.11332 -0.0404978
0.0120212 -1.09488 -0.0402539
0.0117732 -1.07301 -0.0396478
0.0119626 -1.05518 -0.0387996
0.0117723 -1.03778 -0.0383857
0.0117824 -1.022 -0.0375275
0.0115096 -1.01277 -0.0374422
0.0112426 -0.99535 -0.0370335
0.010909 -0.984397 -0.0368301
0.0106994 -0.973617 -0.0364948
0.0105598 -0.966473 -0.0363038
0.010505 -0.95589 -0.0360871
0.0107111 -0.941555 -0.0354528
0.0099062 -0.930426 -0.0355038
0.00952013 -0.919178 -0.035028
0.00972108 -0.907127 -0.034604
0.0092514 -0.895958 -0.0344027
0.0100213 -0.884185 -0.0336653
0.00912851 -0.872904 -0.0339687
0.0089103 -0.862806 -0.0334115
0.00892295 -0.854914 -0.0332736
0.00893607 -0.838875 -0.0327517
0.00871702 -0.824947 -0.0323704
0.00875988 -0.807953 -0.0319838
0.00837241 -0.789898 -0.0314912
0.00848132 -0.78004 -0.0310663
