0 0 0
-8.05844e-11 -9.9374e-11 -1.96889e-11
-1.39625e-08 -3.76999e-08 -2.4704e-09
-3.45377e-08 -9.15508e-08 -9.06243e-09
-6.09135e-08 -1.56204e-07 -1.82357e-08
-0.000214897 -0.000682151 -3.88626e-05
-0.000111056 0.000272696 -5.41577e-05
-0.000181208 0.00087338 -3.29463e-05
-0.000132743 0.001097 -1.43329e-05
4.06399e-05 0.000516759 -3.33747e-05
-0.000144274 0.00102869 -3.63501e-05
-0.000188448 0.00106692 -4.75009e-05
0.000185442 0.00159271 -5.00226e-05
0.000280152 0.00202903 0.000114773
0.000147147 1.98571e-05 -2.79031e-05
8.64742e-05 0.00109852 0.000114848
-1.44624e-05 0.000739463 0.000203518
-0.000188782 0.00109896 8.12923e-05
-0.000128324 0.00241247 0.000251717
0.000335598 0.00167255 0.000171103
3.49638e-05 0.0019874 0.000220903
0.000137252 0.00185344 0.000211508
-3.90813e-05 0.00164249 0.000319755
-0.00090093 -0.000160357 0.000572664
0.000907103 0.00176448 0.000498635
-0.0013771 0.000611957 0.00109646
-0.00155803 0.000597137 0.00207193
-0.00243467 0.00238423 0.00372506
-0.00343631 0.00349722 0.00571959
-0.00422682 0.00391907 0.0057486
-0.00335357 0.00330951 0.00536127
-0.00414033 0.00355515 0.00690365
-0.00446986 0.00362784 0.00747302
-0.0062549 0.00393249 0.00802316
-0.00444478 0.00252451 0.00666528
-0.0056208 0.00449737 0.00866522
-0.00628179 0.00490928 0.00937424
-0.00630621 0.00598025 0.00964157
-0.00628064 0.00891241 0.0116819
-0.00852619 0.0082355 0.0122016
-0.00826032 0.00931773 0.0139328
-0.00816286 0.00764106 0.0126209
-0.00937666 0.00956589 0.0149718
-0.0104155 0.00917435 0.0158215
-0.0108519 0.00836493 0.0159875
-0.0116859 0.00781587 0.0165196
-0.0129343 0.00876066 0.0186176
-0.0105484 0.0103091 0.0179555
-0.0102622 0.0114523 0.0195102
-0.0106217 0.0108691 0.0195482
-0.0119989 0.0106808 0.0219644
-0.0102999 0.00850252 0.0200162
-0.0111912 0.00869928 0.0207609
-0.0119096 0.00950345 0.0217929
-0.0115138 0.0100789 0.0220928
-0.0129983 0.0100756 0.0234188
-0.0127353 0.0102067 0.0244015
-0.0130022 0.00983915 0.0247674
-0.0129389 0.0106101 0.0252667
-0.0134766 0.011566 0.0261049
-0.0127868 0.0117888 0.0269481
-0.0130322 0.0123747 0.0289142
-0.0131738 0.0124378 0.0292231
-0.0136465 0.012813 0.0295583
-0.0154311 0.0132648 0.0317227
-0.0156684 0.0135428 0.0328599
-0.0162194 0.0140379 0.0343939
-0.0165405 0.0144236 0.0356682
-0.0168035 0.0136538 0.0362891
-0.0165718 0.0134806 0.0380914
-0.0160101 0.0139009 0.0384015
-0.0169353 0.0134763 0.0398665
-0.0167059 0.0138899 0.0415417
-0.0175667 0.0145356 0.0419567
-0.0183648 0.0144286 0.0449745
-0.018844 0.0120764 0.0434754
-0.0193962 0.01275 0.0450731
-0.0186168 0.0128694 0.0450903
-0.0189716 0.0135075 0.0465557
-0.0192347 0.0137931 0.0501539
-0.0185166 0.0132292 0.0504673
-0.0197738 0.0132853 0.0521484
-0.0197933 0.0138188 0.0546847
-0.0194708 0.0138569 0.0548907
-0.0193328 0.0140335 0.0544373
-0.020387 0.0136808 0.0566252
-0.0200769 0.0127868 0.0591197
-0.0199194 0.0114456 0.0589571
-0.0197938 0.0113928 0.0609133
-0.0197038 0.0127912 0.0620626
-0.0202196 0.0117486 0.0611451
-0.0197222 0.0138524 0.0622392
-0.0190044 0.0150818 0.0641207
-0.0185325 0.0148573 0.065799
-0.0178059 0.0155103 0.0674883
-0.0168917 0.0133751 0.065793
-0.0168274 0.0125717 0.0656604
-0.0165665 0.0128108 0.0651875
-0.01768 0.011134 0.0668822
-0.0174867 0.0118878 0.0660617
-0.0174933 0.0117996 0.0663996
-0.0170787 0.0125531 0.0660994
-0.0175378 0.0119244 0.0662484
-0.0165584 0.0128462 0.0635617
-0.0164385 0.0134852 0.0637619
-0.0173253 0.0124013 0.0655654
-0.0180724 0.0115627 0.0666217
-0.0177571 0.0119553 0.0659238
-0.0172727 0.0131887 0.0658101
-0.01797 0.0120854 0.0667308
-0.0171921 0.0132518 0.0664766
-0.017063 0.0127921 0.0656253
-0.0169015 0.0138185 0.0663132
-0.0155693 0.0151367 0.0701134
-0.0153416 0.0160209 0.0705028
-0.0151455 0.0160791 0.073097
-0.0136996 0.016466 0.073534
-0.0120625 0.0183902 0.0754023
-0.0114183 0.018849 0.0755349
-0.0108428 0.0194416 0.0790477
-0.0107242 0.0184453 0.0811712
-0.00784296 0.0183828 0.0800155
-0.00685549 0.017949 0.0813725
-0.00555216 0.0192061 0.0838204
-0.00508354 0.0192557 0.0847942
-0.00516845 0.0193572 0.0863044
-0.00535665 0.0200329 0.0871852
-0.00419073 0.0201826 0.0874428
-0.00162354 0.0203488 0.0883505
-0.00155267 0.0209212 0.0881253
-0.000810084 0.0224294 0.0904649
-0.00209737 0.0228862 0.0915752
-0.000405869 0.0229305 0.0900991
-0.000541169 0.0239405 0.0901715
-0.000776626 0.0236201 0.0911403
-0.00122809 0.0233419 0.0926916
-0.000712913 0.0238355 0.0963649
-0.000543502 0.0243302 0.0957645
-2.90545e-05 0.0241501 0.0939087
-8.19694e-06 0.0238142 0.0914891
0.0203818 -0.00479287 0.0618687
0.0197155 -0.00500704 0.06069
0.0197698 -0.00485551 0.0606867
0.0184523 -0.00514774 0.0630418
0.0201789 -0.00642553 0.0608106
0.0217428 -0.00634346 0.059948
0.0221472 -0.00642554 0.0607026
0.0230622 -0.00667443 0.0603772
0.0223859 -0.0062957 0.0627921
0.0224855 -0.00528041 0.0657452
0.0225439 -0.00494601 0.0661469
0.0250097 -0.00511986 0.0643244
0.0256579 -0.00479413 0.0644383
0.0267279 -0.00415972 0.0643094
0.0283926 -0.00468116 0.0631852
0.0300293 -0.00518965 0.0622982
0.0295881 -0.00403702 0.0628433
0.0296205 -0.00364081 0.062995
0.0293739 -0.00342652 0.064785
0.0292306 -0.00332351 0.0657638
0.0303589 -0.0035891 0.0655591
0.0291775 -0.00406964 0.0683716
0.0297075 -0.00418931 0.068199
0.0300418 -0.00345633 0.069209
0.0300606 -0.00294513 0.0710794
0.0312614 -0.00210113 0.0696968
0.0311711 -0.000933045 0.0699178
0.0310376 -0.000796356 0.071
0.0322275 -0.000495791 0.0691545
0.031784 -0.000546916 0.0696455
0.0314842 -0.000720845 0.0706934
0.0315191 -0.000732294 0.0706505
0.0316745 -0.00073876 0.0708209
0.0315948 -0.000672407 0.0711887
0.0315362 -0.000679566 0.0710115
0.0313811 -0.000475219 0.0710864
0.0315499 -0.0005813 0.0706109
0.031676 -0.000773121 0.070897
0.0320534 -0.00094459 0.0704882
0.0322216 -0.000379533 0.0702938
0.0330225 -0.00168608 0.0690106
0.0335864 -0.00166252 0.0676048
0.0329124 -0.00211021 0.0683569
0.0332035 -0.00157154 0.0700279
0.0328433 -0.00025156 0.0719588
0.0329466 -0.000310809 0.0740067
0.034107 -0.000174088 0.0746966
0.0353975 -0.000589319 0.0754925
0.0364644 -0.000802409 0.0754924
0.037251 -0.000928917 0.0762097
0.0384073 -0.00120045 0.0764738
0.0396199 -0.00205573 0.0783967
0.0404467 -0.00222329 0.0788066
0.0406657 -0.00152132 0.0800197
0.0412342 -0.00152968 0.0799811
0.0413251 -0.00113906 0.078137
0.0417967 -0.0024532 0.0807657
0.0428769 -0.00238011 0.0824116
0.0438281 -0.00141956 0.0834759
0.0447203 -0.00170391 0.084867
0.0452496 -0.00171568 0.0847838
0.0461011 -0.00202542 0.0877133
0.0469317 -0.00253973 0.0888037
0.0480857 -0.00293738 0.0910001
0.0488059 -0.00239269 0.089213
0.0491481 -0.00255712 0.0888079
0.0492439 -0.00236558 0.0878163
0.0490612 -0.00210952 0.0874105
0.0490989 -0.00234328 0.088148
0.0490846 -0.0024484 0.0881098
0.0493893 -0.00239839 0.089402
0.0497314 -0.00251383 0.089511
0.0500454 -0.00275026 0.0889653
0.0516513 -0.00257626 0.0886912
0.0514061 -0.00321349 0.0902091
0.0515498 -0.00368963 0.0911571
0.0519669 -0.00393511 0.0922477
0.0524173 -0.00345718 0.0921768
0.0525723 -0.00340918 0.0902557
0.0530424 -0.0030316 0.0892475
0.0535182 -0.00293088 0.0916025
0.0539303 -0.00276835 0.0920294
0.054143 -0.00296568 0.0922125
0.0544293 -0.00312555 0.0923844
0.0550975 -0.00377263 0.0929286
0.0556357 -0.00395264 0.0920968
0.0561822 -0.00413141 0.0939707
0.0570327 -0.00371809 0.0942705
0.0575834 -0.0038351 0.09422
0.057704 -0.00381149 0.0939095
0.0576078 -0.00390981 0.0937043
0.0574996 -0.00423074 0.0944813
0.0578712 -0.00464507 0.0943714
0.0582023 -0.00470787 0.0938832
0.0586895 -0.00448878 0.0951997
0.0589308 -0.00460872 0.0940891
0.0588486 -0.00447612 0.0938359
0.0592337 -0.00426817 0.0937938
0.0600717 -0.00426087 0.0945977
0.060207 -0.00421795 0.0943567
0.0602099 -0.00418001 0.0947082
0.05996 -0.00421215 0.0948204
0.0599599 -0.00403599 0.0939269
0.0597731 -0.00370476 0.0943575
0.0604543 -0.00339251 0.0938522
0.0610494 -0.00306981 0.0937284
0.0613952 -0.00285655 0.0943437
0.0611994 -0.00276876 0.0944178
0.061507 -0.00292674 0.0950194
0.0616682 -0.00327801 0.0946167
0.06192 -0.0033782 0.094617
0.0630438 -0.00258176 0.0951695
0.0633358 -0.00211877 0.095418
0.0630132 -0.00198749 0.0946854
0.0631946 -0.0020345 0.0951165
0.063385 -0.00233308 0.0957866
0.0631768 -0.0022493 0.0940534
0.0626362 -0.00178215 0.0932482
0.0622751 -0.00141394 0.0933879
0.0627023 -0.00127728 0.093625
0.0625253 -0.00114688 0.0934886
0.0627687 -0.00133025 0.093746
0.0620688 -0.00147461 0.091641
0.0622543 -0.000962973 0.0917097
0.0623612 -0.00095167 0.0916981
0.0630314 -0.00139108 0.0917594
0.0630272 -0.00122216 0.0919282
0.0630559 -0.000786015 0.0921219
0.0630712 -0.000973946 0.0921922
0.0626163 -0.00024661 0.0925058
0.0631883 -0.000724538 0.092834
0.0633317 -0.00104149 0.0918405
0.0642223 -0.00144164 0.0950991
0.0643461 -0.00174655 0.0936615
0.0641026 -0.00167194 0.0919603
0.0647831 -0.00166041 0.0942112
0.0647197 -0.00146608 0.0935669
0.0649259 -0.000460776 0.0930605
0.0657148 -0.000446358 0.0939203
0.0658948 -0.000398052 0.0943056
0.0661566 -0.000344497 0.0933479
0.0667915 -0.000279237 0.0937885
0.0676197 -0.000244111 0.094352
0.0681658 -6.1125e-05 0.0942669
0.0679041 -1.15138e-05 0.0930766
0.0680088 -0.000382997 0.0931827
0.0679398 0.000135849 0.092438
0.0680028 0.000353457 0.0923221
0.0681621 0.00105954 0.0914635
0.0696319 0.00120893 0.0920126
0.0701125 0.000996867 0.0923659
0.0699588 0.00116773 0.0913542
0.0730291 -0.000269086 0.0927989
0.0735844 -0.000325161 0.0920258
0.074191 0.000176978 0.0920572
0.0754578 -0.000149683 0.0930462
0.074909 -0.000448866 0.0909224
0.0759441 -0.000366109 0.091486
0.0762216 -0.000423429 0.0915929
0.0768412 -0.000259826 0.0921121
0.0764911 -7.32168e-05 0.0910354
0.0761556 0.000502334 0.0909704
0.0764381 0.000150465 0.0906461
0.0763968 9.33755e-05 0.0901474
0.0767367 -0.000118194 0.0906454
0.0766624 -1.02977e-05 0.0900258
0.0766327 -0.000210809 0.0898553
0.0768683 -0.000171445 0.0899752
0.0769219 0.000134903 0.0897841
0.0767701 -0.000195675 0.0901506
0.0766919 -0.00022752 0.0902362
0.076736 -0.000259245 0.0902605
0.0773164 0.000701399 0.0921915
0.0775185 0.000649262 0.0923346
0.0775039 0.000453006 0.0923668
0.0774106 0.000692579 0.0924656
0.0773151 0.000695826 0.0923904
0.0772971 0.000790056 0.0923647
0.0774837 0.000796054 0.0925839
0.0772917 0.00059996 0.0925649
0.0774586 -0.000384885 0.0904339
0.0788446 -0.000749059 0.0906139
0.0797351 -0.000388842 0.0899254
0.0805045 -0.000356696 0.0900392
0.0816662 1.38999e-05 0.0889725
0.0826687 -0.00057632 0.0890051
0.0831306 -0.000924146 0.0880732
0.0844595 -0.000592154 0.088676
0.0846374 0.000127394 0.0878758
0.0844441 0.000323893 0.0872974
0.0841117 0.000860757 0.085675
0.0849819 0.000842835 0.0852239
0.085719 0.00117709 0.084681
0.0860761 0.00154588 0.084092
0.0873427 -7.35045e-05 0.083918
0.0878918 2.9689e-05 0.083398
0.0877478 -9.63166e-05 0.0819929
0.0886849 0.000135431 0.0814614
0.0896045 0.000672111 0.080666
0.0908451 0.000411741 0.0800018
0.0909536 0.000861577 0.0791415
0.0914096 0.00203917 0.0783852
0.092477 0.00153536 0.0784763
0.0930836 0.0019777 0.0777018
0.0937476 0.00344218 0.0781936
0.0939519 0.00249516 0.0772643
0.094561 0.00307836 0.076928
0.0948284 0.00403314 0.0767524
0.0955385 0.00500154 0.0772793
0.095812 0.00522277 0.0775241
0.0959517 0.005125 0.0775465
0.0961263 0.00516407 0.0777756
0.0961543 0.00515263 0.0778515
0.0961506 0.00522179 0.0777108
0.0961852 0.00502098 0.0777463
0.0961082 0.00486363 0.0777655
0.0963401 0.00254154 0.0775061
0.0967713 0.0031692 0.0762118
0.096793 0.00291744 0.0761963
0.0972144 0.00260411 0.0758559
0.0973926 0.00286195 0.0753155
0.0981424 0.00334364 0.0751144
0.0987887 0.00337842 0.0748519
0.0989835 0.0028859 0.0743126
0.0996958 0.00312 0.073849
0.0995826 0.00309597 0.0727032
0.100188 0.0028575 0.0722904
0.10061 0.00436649 0.0717289
0.100966 0.00390333 0.0714485
0.102451 0.00360998 0.0715646
0.103021 0.00331224 0.071183
0.103658 0.00306881 0.0710271
0.103879 0.00330002 0.0707759
0.103927 0.00390522 0.0705593
0.104128 0.00362572 0.0700078
0.105503 0.00320503 0.069713
0.106546 0.00210359 0.0692961
0.107533 0.00205312 0.0685247
0.107792 0.00430835 0.0687318
0.107039 0.0041962 0.068299
0.107703 0.0041353 0.0681036
0.108524 0.00394707 0.0669047
0.110706 0.00386061 0.0658817
0.111577 0.00414668 0.0647182
0.113434 0.0049577 0.0638489
0.114871 0.00560377 0.0626471
0.115869 0.00683013 0.0621575
0.117243 0.00743684 0.0612227
0.118317 0.00777652 0.0604359
0.119176 0.00788463 0.0596973
0.120001 0.00842334 0.0593344
0.121516 0.00898016 0.0585284
0.121356 0.0100744 0.0582974
0.122656 0.0105262 0.0577268
0.123364 0.0107099 0.0568825
0.123724 0.0109485 0.0563153
0.124195 0.0113103 0.055914
0.123467 0.0112849 0.0558798
0.124464 0.0132844 0.0554763
0.125214 0.0136057 0.0550382
0.125668 0.0136151 0.054358
0.126676 0.0134974 0.0535531
0.126819 0.0139125 0.0532445
0.128001 0.0136532 0.0521721
0.128245 0.0144601 0.0518604
0.12852 0.0153948 0.0517516
0.129503 0.0154528 0.0511887
0.130279 0.0157308 0.0504518
0.130807 0.0149792 0.0493037
0.130798 0.0157846 0.0482396
0.131154 0.0164171 0.0469033
0.132496 0.0178279 0.044764
0.132944 0.0190087 0.0433081
0.132943 0.019258 0.0426441
0.132808 0.0179089 0.0416978
0.132352 0.0177037 0.0411849
0.118646 -0.0303802 0.0401418
0.118337 -0.0301167 0.0399102
0.119133 -0.0284586 0.0393415
0.118737 -0.0269208 0.038526
0.119162 -0.0276268 0.037453
0.118568 -0.0278766 0.0366998
0.11905 -0.0263395 0.0356576
0.119817 -0.0248634 0.0341807
0.119304 -0.025363 0.0332011
0.120193 -0.0238933 0.0320009
0.119941 -0.0236662 0.030996
0.119343 -0.0246848 0.0306251
0.119597 -0.0240835 0.0296096
0.119832 -0.023938 0.0285794
0.120477 -0.0221694 0.026552
0.119867 -0.0224907 0.0262273
0.119571 -0.0230952 0.0258356
0.120176 -0.0230365 0.0247999
0.120832 -0.022301 0.0234348
0.120442 -0.0214005 0.0226337
0.120556 -0.0215589 0.0217603
0.120722 -0.0217396 0.0215974
0.120492 -0.0220543 0.0216595
0.120535 -0.0220795 0.0216961
0.122189 -0.0188048 0.0196569
0.121222 -0.0198152 0.0190635
0.120775 -0.0199195 0.0192537
0.121419 -0.0169804 0.0161731
0.121082 -0.0172797 0.0146074
0.119807 -0.016655 0.0144566
0.11948 -0.0171865 0.0135556
0.118935 -0.0163325 0.012966
0.118723 -0.0337485 0.0142661
0.119184 -0.018444 0.0112379
0.118928 -0.0163472 0.0106463
0.118512 -0.0158248 0.00965305
0.118281 -0.0158012 0.00854497
0.118328 -0.0157275 0.00729906
0.118261 -0.0145615 0.00538642
0.117039 -0.0153979 0.0051785
0.116548 -0.0150361 0.00341167
0.116397 -0.0138756 0.00177677
0.115563 -0.0143723 0.000705883
0.115196 -0.0138802 -0.000631049
0.114482 -0.0122041 -0.00172079
0.113916 -0.0128372 -0.00306474
0.112986 -0.0131004 -0.00377446
0.112082 -0.0125503 -0.00450837
0.11153 -0.0124389 -0.00513541
0.11084 -0.0125092 -0.00587704
0.110507 -0.0128482 -0.00619207
0.110442 -0.0124238 -0.00709186
0.109938 -0.0117464 -0.00802357
0.10923 -0.0117519 -0.00874917
0.108746 -0.0119292 -0.00915551
0.108361 -0.0123119 -0.00918951
0.108369 -0.0121768 -0.0101023
0.107738 -0.0123251 -0.00900804
0.107633 -0.0124959 -0.00881083
0.107316 -0.0127173 -0.00847777
0.10751 -0.0126404 -0.00890347
0.107508 -0.0129256 -0.00859171
0.107454 -0.0131574 -0.00884958
0.107517 -0.0127117 -0.0107033
0.107392 -0.0117733 -0.0137162
0.106114 -0.0108884 -0.0156093
0.104536 -0.0107459 -0.0163195
0.103493 -0.0108634 -0.0174685
0.102313 -0.0105498 -0.0176956
0.101647 -0.0100943 -0.0196916
0.100719 -0.0101632 -0.0199137
0.099596 -0.0101245 -0.0204279
0.0985328 -0.00978156 -0.0208297
0.0980359 -0.00992004 -0.0208469
0.0974895 -0.0100591 -0.0214379
0.0965459 -0.0100697 -0.0214704
0.0959155 -0.00985814 -0.0217775
0.0950508 -0.00899158 -0.0225186
0.0944249 -0.00917354 -0.0232289
0.0938499 -0.00919044 -0.0236705
0.0931999 -0.00906863 -0.0243192
0.0926192 -0.0090529 -0.0242741
0.0921368 -0.00854223 -0.0250738
0.0911736 -0.00825766 -0.0257703
0.0902739 -0.0085074 -0.0259767
0.0892069 -0.00815724 -0.0267075
0.0879276 -0.00805788 -0.0259062
0.087784 -0.00787877 -0.0267287
0.0872225 -0.00770059 -0.0272311
0.0865564 -0.00795997 -0.0274957
0.0856987 -0.00802223 -0.0280078
0.0846474 -0.00803988 -0.0280357
0.0839368 -0.00801459 -0.028191
0.0827934 -0.00809839 -0.0288773
0.0821928 -0.00827643 -0.0291297
0.0819448 -0.00860913 -0.0284023
0.081741 -0.0085999 -0.0287055
0.0808022 -0.00889287 -0.02803
0.080689 -0.00917706 -0.0271348
0.0813115 -0.00918493 -0.0280087
0.0816494 -0.00893534 -0.0286127
0.0819775 -0.0093399 -0.0278259
0.0816984 -0.00924606 -0.0279057
0.0814131 -0.00901895 -0.0275426
0.0817965 -0.00398336 -0.0260977
0.0816253 -0.00561656 -0.0270677
0.080564 -0.00752724 -0.0293706
0.0792434 -0.00713578 -0.0314074
0.0783384 -0.00720914 -0.0310444
0.0774506 -0.00713651 -0.0308763
0.0761732 -0.00664789 -0.0311447
0.0753585 -0.00689084 -0.0318626
0.0739107 -0.00668402 -0.0325316
0.072414 -0.00644011 -0.0332797
0.0700824 -0.00641417 -0.034701
0.0690073 -0.00667802 -0.0357077
0.0680709 -0.00655103 -0.0365383
0.0669017 -0.00643415 -0.0359196
0.066628 -0.00628251 -0.0365853
0.0634951 -0.00629869 -0.0373505
0.0625949 -0.00590165 -0.0373028
0.0612666 -0.00561288 -0.0376822
0.0603595 -0.00532963 -0.0378231
0.0595779 -0.00539951 -0.0379984
0.0591803 -0.00565614 -0.0376969
0.0579151 -0.00481651 -0.037758
0.0580602 -0.00424286 -0.0369427
0.0573326 -0.00370646 -0.0365286
0.056949 -0.00360012 -0.036115
0.0567262 -0.00409031 -0.0366154
0.0566711 -0.00352289 -0.0364382
0.0561518 -0.00340983 -0.0369813
0.0554371 -0.00326133 -0.0382044
0.053072 -0.00227321 -0.0372079
0.0506146 -0.00149346 -0.037441
0.0499974 -0.00179268 -0.0345362
0.0491626 -0.00183067 -0.0336301
0.0487036 -0.00166159 -0.0336824
0.0478006 -0.00155146 -0.0337551
0.0476406 -0.00172362 -0.0336243
0.0479302 -0.00108225 -0.0328818
0.0472594 -0.000577273 -0.0318145
0.0458317 -0.00114927 -0.0321674
0.044364 -0.000655863 -0.0321412
0.0434473 -0.000274827 -0.0298566
0.0415475 0.000588784 -0.0311734
0.0396773 0.00107645 -0.0299773
0.0388233 0.00200529 -0.0291555
0.0382899 0.00197787 -0.0285095
0.0363914 0.00263962 -0.0286857
0.0357177 0.00324194 -0.0289463
0.0360919 0.00378744 -0.0267501
0.0349435 0.0045449 -0.0275293
0.0349593 0.00418692 -0.0267389
0.0339414 0.00368939 -0.0271622
0.0329464 0.00396652 -0.0261182
0.0329861 0.00582903 -0.0250454
0.0319204 0.00604857 -0.0248576
0.0308293 0.00625492 -0.0249831
0.0298072 0.00528215 -0.0253659
0.0300975 0.00513997 -0.0237765
0.0303065 0.00707331 -0.0226921
0.028823 0.00680612 -0.0232358
0.0283728 0.00668015 -0.0218685
0.0276461 0.00711953 -0.0231006
0.026349 0.00668045 -0.023493
0.0252759 0.00630221 -0.0233307
0.0254602 0.0061921 -0.0215868
